190001190001,-0.48
190002190002,-0.05
190003190003,-0.2
190004190004,-0.26
190005190005,0.17
190006190006,0.32
190007190007,0
190008190008,-0.19
190009190009,-0.33
190010190010,-0.2
190011190011,-0.04
190012190012,-0.14
190101190101,0.03
190102190102,0.07
190103190103,0.15
190104190104,0.16
190105190105,-0.11
190106190106,-0.58
190107190107,-0.54
190108190108,-0.66
190109190109,-0.48
190110190110,-0.2
190111190111,-0.35
190112190112,-0.42
190201190201,-0.38
190202190202,-0.14
190203190203,-0.04
190204190204,-0.23
190205190205,-0.29
190206190206,-0.08
190207190207,0.13
190208190208,0.33
190209190209,0.64
190210190210,0.73
190211190211,0.47
190212190212,-0.06
190301190301,-0.15
190302190302,-0.21
190303190303,-0.36
190304190304,-0.2
190305190305,0.02
190306190306,-0.09
190307190307,-0.39
190308190308,-0.02
190309190309,-0.39
190310190310,-0.92
190311190311,-0.67
190312190312,-0.24
190401190401,0.24
190402190402,0.59
190403190403,0.48
190404190404,0.05
190405190405,-0.11
190406190406,-0.34
190407190407,-0.18
190408190408,-0.08
190409190409,-0.06
190410190410,0.27
190411190411,0.12
190412190412,-0.12
190501190501,0.19
190502190502,0.25
190503190503,-0.2
190504190504,-0.46
190505190505,-0.39
190506190506,-0.3
190507190507,-0.28
190508190508,-0.08
190509190509,-0.18
190510190510,-0.29
190511190511,-0.31
190512190512,-0.56
190601190601,-0.29
190602190602,-0.08
190603190603,-0.24
190604190604,-0.28
190605190605,-0.12
190606190606,-0.36
190607190607,-0.91
190608190608,-1.27
190609190609,-1.56
190610190610,-1.17
190611190611,-0.98
190612190612,-0.42
190701190701,-0.39
190702190702,-0.39
190703190703,-0.21
190704190704,-0.08
190705190705,-0.1
190706190706,-0.49
190707190707,-0.53
190708190708,-1.02
190709190709,-0.48
190710190710,0.04
190711190711,-0.12
190712190712,0.16
190801190801,0.09
190802190802,-0.32
190803190803,-0.32
190804190804,-0.42
190805190805,-0.1
190806190806,-0.01
190807190807,-0.41
190808190808,-0.38
190809190809,-0.27
190810190810,-0.25
190811190811,0.02
190812190812,-0.2
190901190901,-0.23
190902190902,-0.09
190903190903,-0.32
190904190904,-0.7
190905190905,-0.61
190906190906,-1.05
190907190907,-0.94
190908190908,-1.12
190909190909,-0.86
190910190910,-0.68
190911190911,-0.45
190912190912,-0.23
191001191001,-0.33
191002191002,-0.05
191003191003,-0.25
191004191004,-0.34
191005191005,-0.47
191006191006,-0.67
191007191007,-0.78
191008191008,-0.77
191009191009,-1.02
191010191010,-1.17
191011191011,-0.73
191012191012,-0.25
191101191101,-0.06
191102191102,-0.32
191103191103,-0.94
191104191104,-0.64
191105191105,-0.41
191106191106,-0.81
191107191107,-0.78
191108191108,-0.66
191109191109,-0.39
191110191110,-0.49
191111191111,-0.42
191112191112,-0.3
191201191201,-0.13
191202191202,-0.13
191203191203,-0.04
191204191204,-0.21
191205191205,-0.22
191206191206,-0.02
191207191207,-0.46
191208191208,-0.76
191209191209,-0.44
191210191210,-0.36
191211191211,-0.47
191212191212,-0.51
191301191301,0.01
191302191302,0.12
191303191303,0.13
191304191304,0.07
191305191305,0.34
191306191306,0.24
191307191307,-0.01
191308191308,-0.09
191309191309,-0.28
191310191310,-0.01
191311191311,-0.07
191312191312,-0.05
191401191401,-0.14
191402191402,-0.03
191403191403,-0.18
191404191404,-0.13
191405191405,0.09
191406191406,0.33
191407191407,0.09
191408191408,-0.08
191409191409,0
191410191410,-0.22
191411191411,-0.53
191412191412,-0.59
191501191501,-0.43
191502191502,-0.79
191503191503,-0.52
191504191504,-0.24
191505191505,-0.34
191506191506,-0.21
191507191507,-0.53
191508191508,-0.07
191509191509,0.14
191510191510,-0.02
191511191511,0.08
191512191512,0.41
191601191601,0.46
191602191602,0.15
191603191603,0.13
191604191604,0.12
191605191605,0.07
191606191606,-0.42
191607191607,-0.42
191608191608,-0.93
191609191609,-0.9
191610191610,-1.03
191611191611,-0.96
191612191612,-0.67
191701191701,-0.12
191702191702,0.1
191703191703,0.16
191704191704,-0.9
191705191705,-0.57
191706191706,-1.13
191707191707,-0.96
191708191708,-0.36
191709191709,-0.38
191710191710,-1.17
191711191711,-1.33
191712191712,-1.08
191801191801,-0.15
191802191802,0.28
191803191803,0.41
191804191804,-0.39
191805191805,-1.13
191806191806,-0.4
191807191807,-0.71
191808191808,-0.13
191809191809,0.08
191810191810,0.15
191811191811,0.02
191812191812,0.21
191901191901,0.05
191902191902,-0.16
191903191903,-0.06
191904191904,-0.01
191905191905,-0.24
191906191906,-0.44
191907191907,-0.38
191908191908,-0.39
191909191909,-0.36
191910191910,-0.09
191911191911,-0.1
191912191912,-0.24
192001192001,0.54
192002192002,0.53
192003192003,0.69
192004192004,0.32
192005192005,-0.3
192006192006,-0.43
192007192007,-0.68
192008192008,-0.72
192009192009,-0.8
192010192010,-0.48
192011192011,-0.48
192012192012,-0.35
192101192101,-0.35
192102192102,-0.01
192103192103,0.39
192104192104,-0.15
192105192105,-0.1
192106192106,-0.25
192107192107,-0.36
192108192108,-0.89
192109192109,-0.59
192110192110,-0.56
192111192111,-0.51
192112192112,-0.59
192201192201,-0.4
192202192202,-0.09
192203192203,0.17
192204192204,-0.2
192205192205,-0.24
192206192206,-0.2
192207192207,-0.31
192208192208,-0.21
192209192209,-0.07
192210192210,-0.08
192211192211,-0.16
192212192212,0.17
192301192301,0.34
192302192302,-0.06
192303192303,-0.08
192304192304,-0.1
192305192305,-0.09
192306192306,-0.04
192307192307,-0.27
192308192308,0.18
192309192309,0.57
192310192310,0.72
192311192311,0.52
192312192312,-0.1
192401192401,-0.22
192402192402,-0.23
192403192403,-0.22
192404192404,-0.26
192405192405,-0.39
192406192406,-0.23
192407192407,-0.01
192408192408,-0.02
192409192409,-0.03
192410192410,0.3
192411192411,-0.09
192412192412,0.03
192501192501,-0.35
192502192502,0.19
192503192503,0.12
192504192504,0.28
192505192505,-0.14
192506192506,0.13
192507192507,0.14
192508192508,0.25
192509192509,0.66
192510192510,0.66
192511192511,0.28
192512192512,0.11
192601192601,0.15
192602192602,-0.17
192603192603,0.15
192604192604,0.31
192605192605,0.18
192606192606,0.45
192607192607,0.1
192608192608,0.17
192609192609,0.14
192610192610,0.18
192611192611,0.01
192612192612,0.07
192701192701,-0.02
192702192702,-0.03
192703192703,-0.25
192704192704,0.05
192705192705,-0.16
192706192706,-0.06
192707192707,-0.48
192708192708,-0.67
192709192709,-0.63
192710192710,-0.41
192711192711,0.04
192712192712,0.19
192801192801,0.13
192802192802,0.04
192803192803,-0.21
192804192804,-0.06
192805192805,-0.14
192806192806,-0.35
192807192807,-0.62
192808192808,-0.52
192809192809,-0.67
192810192810,-0.41
192811192811,-0.31
192812192812,-0.48
192901192901,-0.22
192902192902,-0.07
192903192903,0.18
192904192904,-0.06
192905192905,-0.3
192906192906,-0.2
192907192907,0.15
192908192908,-0.02
192909192909,0.19
192910192910,0.01
192911192911,0.04
192912192912,0.18
193001193001,-0.11
193002193002,-0.04
193003193003,-0.19
193004193004,0.01
193005193005,-0.21
193006193006,-0.24
193007193007,-0.36
193008193008,-0.43
193009193009,-0.6
193010193010,-0.16
193011193011,-0.01
193012193012,-0.18
193101193101,-0.51
193102193102,-0.43
193103193103,-0.57
193104193104,-0.11
193105193105,0.29
193106193106,-0.12
193107193107,-0.17
193108193108,-0.29
193109193109,-0.31
193110193110,-0.24
193111193111,-0.17
193112193112,-0.4
193201193201,-0.46
193202193202,-0.4
193203193203,-0.09
193204193204,0.11
193205193205,0.19
193206193206,0.03
193207193207,-0.28
193208193208,-0.28
193209193209,-0.23
193210193210,-0.67
193211193211,-0.2
193212193212,0.03
193301193301,-0.15
193302193302,0.14
193303193303,0.38
193304193304,0.29
193305193305,-0.02
193306193306,-0.29
193307193307,-0.29
193308193308,-0.54
193309193309,-1.12
193310193310,-0.99
193311193311,-0.38
193312193312,-0.76
193401193401,-1.11
193402193402,-0.24
193403193403,0.16
193404193404,0.13
193405193405,0.01
193406193406,0.01
193407193407,0.01
193408193408,0.37
193409193409,-0.07
193410193410,-0.22
193411193411,-0.09
193412193412,-0.19
193501193501,-0.07
193502193502,0.11
193503193503,0.27
193504193504,-0.08
193505193505,0.62
193506193506,0.42
193507193507,0.4
193508193508,0.25
193509193509,0.31
193510193510,0.14
193511193511,0.46
193512193512,0.47
193601193601,0.36
193602193602,-0.05
193603193603,0.1
193604193604,0.16
193605193605,0.24
193606193606,0.37
193607193607,0.13
193608193608,0
193609193609,-0.22
193610193610,-0.05
193611193611,0.08
193612193612,-0.08
193701193701,0.07
193702193702,-0.12
193703193703,0.02
193704193704,-0.19
193705193705,0.23
193706193706,-0.09
193707193707,-0.29
193708193708,-0.03
193709193709,0.13
193710193710,-0.01
193711193711,-0.06
193712193712,-0.05
193801193801,-0.11
193802193802,-0.18
193803193803,-0.11
193804193804,-0.28
193805193805,0.13
193806193806,-0.18
193807193807,-0.55
193808193808,-0.56
193809193809,-0.4
193810193810,-0.57
193811193811,-0.19
193812193812,-0.37
193901193901,-0.06
193902193902,0.15
193903193903,0.19
193904193904,-0.24
193905193905,0.01
193906193906,0.07
193907193907,0.02
193908193908,-0.41
193909193909,-0.35
193910193910,-0.15
193911193911,-0.29
193912193912,0.08
194001194001,0.33
194002194002,0.63
194003194003,-0.71
194004194004,-0.85
194005194005,-0.34
194006194006,0.14
194007194007,0.01
194008194008,-0.29
194009194009,0.19
194010194010,0.1
194011194011,-0.17
194012194012,0
194101194101,-0.49
194102194102,-0.25
194103194103,0.56
194104194104,0.35
194105194105,0.87
194106194106,0.26
194107194107,0.11
194108194108,-0.17
194109194109,-0.5
194110194110,-0.51
194111194111,-0.34
194112194112,-0.05
194201194201,-0.36
194202194202,-0.25
194203194203,-0.24
194204194204,-0.44
194205194205,-0.23
194206194206,-0.43
194207194207,-0.89
194208194208,-0.72
194209194209,-0.58
194210194210,-0.31
194211194211,0.48
194212194212,0.24
194301194301,0.19
194302194302,0.17
194303194303,0.01
194304194304,0.1
194305194305,0.24
194306194306,0.36
194307194307,0.51
194308194308,0.47
194309194309,-0.69
194310194310,-0.97
194311194311,-0.75
194312194312,-0.37
194401194401,-0.4
194402194402,-0.33
194403194403,0
194404194404,0.38
194405194405,1
194406194406,0.02
194407194407,-0.04
194408194408,0.15
194409194409,0.11
194410194410,-0.76
194411194411,-0.7
194412194412,-0.15
194501194501,-0.14
194502194502,-0.31
194503194503,-0.05
194504194504,-0.39
194505194505,-0.06
194506194506,0.96
194507194507,1.11
194508194508,0.66
194509194509,0.07
194510194510,-0.49
194511194511,-0.31
194512194512,-0.44
194601194601,0.5
194602194602,0.53
194603194603,0.33
194604194604,0.19
194605194605,0.31
194606194606,0.3
194607194607,0.39
194608194608,0.75
194609194609,0.7
194610194610,0.43
194611194611,0.59
194612194612,-0.11
194701194701,-0.01
194702194702,0.31
194703194703,0.46
194704194704,0.6
194705194705,0.85
194706194706,0.37
194707194707,-0.11
194708194708,-0.41
194709194709,-0.63
194710194710,-0.36
194711194711,0.14
194712194712,0.35
194801194801,-0.12
194802194802,0.08
194803194803,0.12
194804194804,0.08
194805194805,0.21
194806194806,0.25
194807194807,0.04
194808194808,-0.18
194809194809,-0.18
194810194810,0.04
194811194811,0
194812194812,-0.41
194901194901,-0.21
194902194902,0.29
194903194903,0.02
194904194904,0.07
194905194905,-0.08
194906194906,0.19
194907194907,0.15
194908194908,0.23
194909194909,0.38
194910194910,0.34
194911194911,-0.04
194912194912,-0.23
195001195001,-0.04
195002195002,-0.53
195003195003,-0.34
195004195004,-0.21
195005195005,-0.01
195006195006,-0.18
195007195007,-0.18
195008195008,-0.21
195009195009,-0.44
195010195010,-0.4
195011195011,-0.25
195012195012,-0.02
195101195101,-0.08
195102195102,0.27
195103195103,0.17
195104195104,-0.2
195105195105,0.19
195106195106,-0.11
195107195107,-0.23
195108195108,-0.2
195109195109,0.09
195110195110,-0.16
195111195111,0.22
195112195112,0.17
195201195201,0.02
195202195202,0.13
195203195203,0.07
195204195204,0.39
195205195205,0.31
195206195206,-0.18
195207195207,-0.42
195208195208,-0.49
195209195209,-0.41
195210195210,-0.5
195211195211,0.03
195212195212,0.12
195301195301,0.37
195302195302,0.38
195303195303,0.22
195304195304,-0.23
195305195305,0.54
195306195306,0.05
195307195307,-0.2
195308195308,-0.01
195309195309,0.15
195310195310,-0.07
195311195311,0.08
195312195312,0.05
195401195401,-0.31
195402195402,0.01
195403195403,0.18
195404195404,0.2
195405195405,0.14
195406195406,-0.15
195407195407,-0.56
195408195408,-0.58
195409195409,-0.64
195410195410,-0.73
195411195411,-0.17
195412195412,-0.33
195501195501,-0.44
195502195502,-0.49
195503195503,-0.09
195504195504,-0.1
195505195505,-0.48
195506195506,-0.5
195507195507,-0.38
195508195508,-0.14
195509195509,-0.47
195510195510,-0.61
195511195511,0.09
195512195512,0.01
195601195601,0.21
195602195602,0.26
195603195603,-0.21
195604195604,-0.4
195605195605,-0.49
195606195606,-0.63
195607195607,-0.7
195608195608,-0.28
195609195609,-0.72
195610195610,-0.75
195611195611,-0.63
195612195612,-0.23
195701195701,-0.69
195702195702,-0.23
195703195703,-0.12
195704195704,-0.12
195705195705,0.16
195706195706,-0.28
195707195707,-0.27
195708195708,-0.13
195709195709,0.06
195710195710,-0.07
195711195711,-0.52
195712195712,-0.4
195801195801,-0.49
195802195802,-0.32
195803195803,-0.09
195804195804,-0.31
195805195805,-0.5
195806195806,-0.92
195807195807,-0.87
195808195808,-0.62
195809195809,-0.83
195810195810,-0.79
195811195811,-0.49
195812195812,0.03
195901195901,0.36
195902195902,-0.01
195903195903,-0.32
195904195904,-0.36
195905195905,-0.55
195906195906,-0.67
195907195907,-0.67
195908195908,-0.5
195909195909,-0.36
195910195910,-0.5
195911195911,-0.31
195912195912,-0.21
196001196001,-0.31
196002196002,-0.01
196003196003,-0.23
196004196004,-0.69
196005196005,-0.87
196006196006,-0.68
196007196007,-0.61
196008196008,-0.72
196009196009,-0.78
196010196010,-0.95
196011196011,-1.04
196012196012,-0.68
196101196101,-0.26
196102196102,0.08
196103196103,0.12
196104196104,-0.28
196105196105,-0.2
196106196106,0.23
196107196107,0.74
196108196108,1
196109196109,1.37
196110196110,1.02
196111196111,0.66
196112196112,0.52
196201196201,0.72
196202196202,0.63
196203196203,0.19
196204196204,0.05
196205196205,-0.09
196206196206,-0.27
196207196207,-0.38
196208196208,-0.12
196209196209,0.05
196210196210,-0.02
196211196211,0.1
196212196212,0.17
196301196301,0.12
196302196302,0.5
196303196303,0.3
196304196304,-0.07
196305196305,-0.58
196306196306,-0.2
196307196307,0.16
196308196308,0.73
196309196309,0.76
196310196310,0.77
196311196311,0.56
196312196312,0.19
196401196401,-0.23
196402196402,-0.41
196403196403,-0.01
196404196404,0.34
196405196405,-0.2
196406196406,-0.2
196407196407,-0.42
196408196408,-0.48
196409196409,-0.74
196410196410,-0.43
196411196411,0.37
196412196412,0.09
196501196501,0.01
196502196502,-0.23
196503196503,0.14
196504196504,0.06
196505196505,-0.07
196506196506,-0.26
196507196507,-0.22
196508196508,0.08
196509196509,0.04
196510196510,0.42
196511196511,0.19
196512196512,-0.22
196601196601,-0.02
196602196602,-0.01
196603196603,-0.11
196604196604,-0.14
196605196605,-0.26
196606196606,0.08
196607196607,0.03
196608196608,0.44
196609196609,0.19
196610196610,-0.1
196611196611,-0.32
196612196612,-0.03
196701196701,-0.17
196702196702,-0.17
196703196703,0.41
196704196704,0.19
196705196705,0.2
196706196706,0.49
196707196707,0.59
196708196708,0.57
196709196709,0.75
196710196710,0.68
196711196711,0.48
196712196712,0.18
196801196801,0.05
196802196802,0.43
196803196803,-0.08
196804196804,0.02
196805196805,0.16
196806196806,0.04
196807196807,-0.05
196808196808,-0.13
196809196809,-0.46
196810196810,-0.11
196811196811,-0.03
196812196812,-0.01
196901196901,0.03
196902196902,-0.04
196903196903,0
196904196904,-0.23
196905196905,-0.07
196906196906,-0.45
196907196907,-0.41
196908196908,-0.33
196909196909,-0.1
196910196910,0.45
196911196911,0.08
196912196912,0.04
197001197001,0.34
197002197002,0.2
197003197003,0.15
197004197004,0.14
197005197005,0.4
197006197006,-0.33
197007197007,-0.3
197008197008,0.03
197009197009,-0.23
197010197010,-0.48
197011197011,-0.31
197012197012,-0.17
197101197101,0.08
197102197102,0.06
197103197103,0.42
197104197104,0.56
197105197105,0.27
197106197106,0.02
197107197107,-0.22
197108197108,-0.52
197109197109,-0.3
197110197110,-0.6
197111197111,0.02
197112197112,0.26
197201197201,0.41
197202197202,-0.18
197203197203,0.02
197204197204,-0.01
197205197205,0.41
197206197206,0.88
197207197207,0.56
197208197208,0.53
197209197209,0.88
197210197210,0.92
197211197211,0.88
197212197212,0.52
197301197301,0.39
197302197302,-0.12
197303197303,0.12
197304197304,0.05
197305197305,0.2
197306197306,-0.12
197307197307,-0.15
197308197308,-0.51
197309197309,-0.37
197310197310,-0.18
197311197311,-0.12
197312197312,-0.09
197401197401,0.23
197402197402,0.35
197403197403,0.48
197404197404,0.15
197405197405,0.08
197406197406,0.33
197407197407,-0.16
197408197408,-0.23
197409197409,-0.48
197410197410,-0.23
197411197411,-0.4
197412197412,-0.19
197501197501,-0.58
197502197502,-0.01
197503197503,-0.3
197504197504,0.2
197505197505,0.15
197506197506,0.36
197507197507,0.28
197508197508,-0.44
197509197509,-0.88
197510197510,-1.02
197511197511,-0.57
197512197512,-0.08
197601197601,-0.16
197602197602,0.05
197603197603,0.03
197604197604,-0.13
197605197605,0.06
197606197606,0.47
197607197607,0.77
197608197608,0.26
197609197609,-0.02
197610197610,-0.22
197611197611,-0.23
197612197612,0.22
197701197701,0.12
197702197702,-0.02
197703197703,0.11
197704197704,-0.06
197705197705,-0.19
197706197706,0.05
197707197707,0.03
197708197708,0.13
197709197709,0.12
197710197710,0.73
197711197711,0.27
197712197712,0.34
197801197801,-0.64
197802197802,-0.38
197803197803,-0.24
197804197804,-0.13
197805197805,-0.07
197806197806,0.21
197807197807,0.02
197808197808,-0.05
197809197809,0.32
197810197810,0.31
197811197811,-0.18
197812197812,-0.24
197901197901,0.16
197902197902,-0.18
197903197903,-0.26
197904197904,0.01
197905197905,0.17
197906197906,0.47
197907197907,0.04
197908197908,-0.25
197909197909,-0.29
197910197910,-0.27
197911197911,-0.55
197912197912,-0.24
198001198001,0.01
198002198002,0.15
198003198003,-0.25
198004198004,0.21
198005198005,0.42
198006198006,-0.38
198007198007,-0.3
198008198008,0.1
198009198009,-0.38
198010198010,-0.3
198011198011,-0.23
198012198012,0.06
198101198101,0.05
198102198102,0.25
198103198103,-0.15
198104198104,0.39
198105198105,0.2
198106198106,-0.14
198107198107,-0.46
198108198108,-0.49
198109198109,-0.51
198110198110,-0.4
198111198111,-0.29
198112198112,-0.22
198201198201,0
198202198202,0.23
198203198203,0.31
198204198204,0.31
198205198205,0.52
198206198206,0.36
198207198207,0.37
198208198208,0.42
198209198209,0.32
198210198210,0.99
198211198211,0.28
198212198212,-0.22
198301198301,-0.35
198302198302,-0.59
198303198303,-0.98
198304198304,-0.91
198305198305,-0.14
198306198306,0.33
198307198307,0.72
198308198308,0.39
198309198309,0.31
198310198310,-0.02
198311198311,0.03
198312198312,-0.11
198401198401,-0.12
198402198402,-0.09
198403198403,-0.08
198404198404,0.32
198405198405,-0.35
198406198406,-0.35
198407198407,-0.52
198408198408,-0.32
198409198409,-0.27
198410198410,-0.22
198411198411,-0.42
198412198412,-0.22
198501198501,-0.07
198502198502,-0.16
198503198503,-0.18
198504198504,-0.25
198505198505,0.08
198506198506,-0.44
198507198507,-0.01
198508198508,-0.06
198509198509,0.1
198510198510,-0.13
198511198511,0.46
198512198512,0.18
198601198601,0.03
198602198602,0.14
198603198603,0.42
198604198604,0.19
198605198605,0.23
198606198606,0.12
198607198607,-0.25
198608198608,0.22
198609198609,0.63
198610198610,0.17
198611198611,0.63
198612198612,-0.06
198701198701,-0.07
198702198702,-0.27
198703198703,-0.28
198704198704,-0.56
198705198705,0.11
198706198706,-0.02
198707198707,-0.26
198708198708,0.19
198709198709,0.37
198710198710,0.36
198711198711,0
198712198712,-0.03
198801198801,0.15
198802198802,-0.18
198803198803,-0.04
198804198804,0.08
198805198805,-0.55
198806198806,-0.14
198807198807,-0.09
198808198808,-0.12
198809198809,-0.43
198810198810,-0.49
198811198811,-0.35
198812198812,0.02
198901198901,-0.51
198902198902,0.13
198903198903,-0.2
198904198904,-0.22
198905198905,-0.33
198906198906,-0.64
198907198907,-0.09
198908198908,-0.63
198909198909,-0.37
198910198910,-0.64
198911198911,-0.37
198912198912,-0.31
199001199001,0.3
199002199002,-0.15
199003199003,-0.07
199004199004,-0.32
199005199005,-0.54
199006199006,-0.46
199007199007,-0.05
199008199008,-0.37
199009199009,-0.35
199010199010,-0.93
199011199011,-0.64
199012199012,-0.36
199101199101,0
199102199102,0.02
199103199103,-0.12
199104199104,0.62
199105199105,0.92
199106199106,0.46
199107199107,0.23
199108199108,-0.13
199109199109,0.34
199110199110,0.3
199111199111,0.28
199112199112,0.26
199201199201,-0.48
199202199202,-0.7
199203199203,-0.67
199204199204,-0.44
199205199205,-0.34
199206199206,-0.81
199207199207,-0.6
199208199208,-0.99
199209199209,-0.57
199210199210,-0.41
199211199211,-0.09
199212199212,-0.28
199301199301,-0.1
199302199302,-0.1
199303199303,-0.44
199304199304,-0.29
199305199305,0.29
199306199306,0.19
199307199307,0.36
199308199308,-0.17
199309199309,-0.25
199310199310,-0.2
199311199311,-0.19
199312199312,-0.21
199401199401,0.09
199402199402,-0.15
199403199403,-0.27
199404199404,0.17
199405199405,0.78
199406199406,0.44
199407199407,0.62
199408199408,1.01
199409199409,0.99
199410199410,1.48
199411199411,0.17
199412199412,-0.04
199501199501,-0.15
199502199502,0.41
199503199503,0.2
199504199504,0.17
199505199505,0.05
199506199506,-0.04
199507199507,-0.58
199508199508,-0.57
199509199509,-0.16
199510199510,-0.29
199511199511,-0.67
199512199512,0.02
199601199601,0.28
199602199602,0.15
199603199603,-0.26
199604199604,-0.91
199605199605,-0.37
199606199606,-0.7
199607199607,-0.63
199608199608,-0.94
199609199609,-0.71
199610199610,-0.97
199611199611,-0.74
199612199612,-0.31
199701199701,-0.11
199702199702,0.2
199703199703,0.02
199704199704,-0.05
199705199705,0.02
199706199706,0.17
199707199707,0.45
199708199708,0.34
199709199709,0.83
199710199710,1.06
199711199711,1.48
199712199712,0.97
199801199801,0.63
199802199802,0.05
199803199803,-0.21
199804199804,-0.06
199805199805,0.05
199806199806,-0.14
199807199807,-0.86
199808199808,-0.76
199809199809,-0.48
199810199810,-0.64
199811199811,-0.85
199812199812,-0.46
199901199901,-0.56
199902199902,-0.22
199903199903,0.01
199904199904,-0.28
199905199905,-0.23
199906199906,-0.04
199907199907,0.12
199908199908,0.16
199909199909,0.2
199910199910,-0.38
199911199911,-0.17
199912199912,-0.05
200001200001,-0.09
200002200002,0.39
200003200003,0.62
200004200004,0.02
200005200005,0.33
200006200006,0
200007200007,0.01
200008200008,-0.16
200009200009,0.07
200010200010,-0.11
200011200011,-0.01
200012200012,0.09
200101200101,0
200102200102,0.29
200103200103,0.3
200104200104,-0.14
200105200105,-0.29
200106200106,-0.09
200107200107,-0.79
200108200108,-0.42
200109200109,-0.45
200110200110,-0.54
200111200111,-0.2
200112200112,-0.03
200201200201,-0.36
200202200202,0.1
200203200203,-0.45
200204200204,-0.53
200205200205,-0.49
200206200206,-0.26
200207200207,-0.31
200208200208,-0.41
200209200209,0.6
200210200210,0.61
200211200211,0.21
200212200212,-0.26
200301200301,-0.43
200302200302,0.12
200303200303,0.21
200304200304,-0.01
200305200305,0.32
200306200306,0.37
200307200307,0.23
200308200308,0.34
200309200309,0.03
200310200310,-0.06
200311200311,-0.28
200312200312,0.06
200401200401,-0.09
200402200402,-0.03
200403200403,0.06
200404200404,-0.12
200405200405,-0.51
200406200406,-0.47
200407200407,-0.36
200408200408,0.02
200409200409,0.19
200410200410,0.14
200411200411,-0.05
200412200412,-0.13
200501200501,-0.36
200502200502,-0.84
200503200503,-0.72
200504200504,0.02
200505200505,0.18
200506200506,-0.13
200507200507,-0.56
200508200508,-0.45
200509200509,-0.58
200510200510,-0.54
200511200511,-0.62
200512200512,-0.47
200601200601,-0.17
200602200602,-0.72
200603200603,-0.31
200604200604,-0.18
200605200605,-0.17
200606200606,-0.25
200607200607,0.1
200608200608,0.26
200609200609,0.77
200610200610,0.98
200611200611,0.81
200612200612,0.37
200701200701,0.14
200702200702,-0.21
200703200703,0.1
200704200704,0.04
200705200705,0.46
200706200706,0.33
200707200707,0.26
200708200708,0.34
200709200709,0.46
200710200710,0.15
200711200711,-0.16
200712200712,-0.28
200801200801,-0.08
200802200802,-0.05
200803200803,-0.04
200804200804,-0.45
200805200805,0.19
200806200806,0.45
200807200807,0.67
200808200808,0.36
200809200809,0.14
200810200810,0.15
200811200811,-0.13
200812200812,-0.25
200901200901,-0.18
200902200902,0.24
200903200903,0.32
200904200904,-0.15
200905200905,-0.05
200906200906,0.05
200907200907,-0.54
200908200908,-0.3
200909200909,-0.02
200910200910,0.03
200911200911,-0.22
200912200912,0.13
201001201001,0.32
201002201002,0.1
201003201003,0.24
201004201004,0.3
201005201005,-0.13
201006201006,-0.13
201007201007,-0.23
201008201008,-0.36
201009201009,-1.01
201010201010,-0.9
201011201011,-0.96
201012201012,-0.41
201101201101,-0.13
201102201102,-0.1
201103201103,0.1
201104201104,-0.12
201105201105,-0.04
201106201106,0.08
201107201107,-0.07
201108201108,0.01
201109201109,0.45
201110201110,0.57
201111201111,0.06
201112201112,0.08
201201201201,0.03
201202201202,-0.14
201203201203,0.08
201204201204,-0.54
201205201205,-0.6
201206201206,-0.01
201207201207,0.4
201208201208,0.76
201209201209,0.62
201210201210,0.41
201211201211,0.05
201212201212,0.08
201301201301,-0.02
201302201302,-0.16
201303201303,-0.1
201304201304,-0.26
201305201305,-0.54
201306201306,-0.49
201307201307,-0.41
201308201308,-0.24
201309201309,-0.2
201310201310,-0.07
201311201311,-0.03
201312201312,-0.23
201401201401,-0.22
201402201402,-0.15
201403201403,-0.48
201404201404,-0.29
201405201405,-0.01
201406201406,-0.19
201407201407,-0.42
201408201408,-0.54
201409201409,-0.36
201410201410,0.13
201411201411,0.1
201412201412,-0.2
201501201501,-0.43
201502201502,-0.34
201503201503,-0.16
201504201504,0.04
201505201505,0.23
201506201506,0.28
201507201507,0.37
201508201508,0.52
201509201509,0.82
201510201510,0.67
201511201511,0.43
201512201512,0.04
201601201601,-0.28
201602201602,-0.45
201603201603,-0.26
201604201604,-0.31
201605201605,-0.43
201606201606,-0.71
201607201607,-1.15
201608201608,-0.6
201609201609,-0.79
201610201610,-0.7
201611201611,-0.44
201612201612,-0.28
201701201701,-0.1
201702201702,0.05
201703201703,0.23
201704201704,0.3
201705201705,0.59
201706201706,0.34
201707201707,0.39
201708201708,0.65
201709201709,0.34
201710201710,0.33
201711201711,0.17
201712201712,-0.16
201801201801,-0.01
201802201802,0.39
201803201803,-0.03
201804201804,-0.06
201805201805,0.16
201806201806,0.03
201807201807,0.22
201808201808,0.29
201809201809,0.72
201810201810,0.44
201811201811,0.47
201812201812,0.34
201901201901,0.06
201902201902,-0.11
201903201903,-0.04
201904201904,0.17
201905201905,0.85
201906201906,0.88
201907201907,0.73
201908201908,1.36
201909201909,1.43
201910201910,1.75
201911201911,1.58
201912201912,0.44
202001202001,0.11
202002202002,-0.29
202003202003,-0.2
202004202004,-0.18
202005202005,0.44
202006202006,0.48
202007202007,0.17
202008202008,-0.29
202009202009,-0.21
202010202010,0.1
202011202011,0.03
202012202012,0.14
202101202101,0.1
202102202102,0.11
202103202103,0.04
202104202104,0.07
202105202105,-0.31
202106202106,-0.49
202107202107,-0.45
202108202108,-0.35
202109202109,0.03
202110202110,-0.41
202111202111,-0.34
202112202112,-0.25
202201202201,-0.3
202202202202,-0.41
202203202203,-0.25
202204202204,-0.47
202205202205,-0.48
202206202206,-0.74
202207202207,-1.19
202208202208,-1.11
202209202209,-0.79
202210202210,-0.75
202211202211,-0.46
202212202212,-0.07
202301202301,0
202302202302,0.27
202303202303,0.17
202304202304,0.27
202305202305,0.07
202306202306,0.06
202307202307,0.11
202308202308,0.67
